,2025,2026,2027,2028,2029,2030,2031,2032,2033,2034,2025-2034
json_rates,0.0,-189387.67407503419,-197521.58685270313,-205502.9462846465,-213358.52663963378,-221953.33180264744,-230314.2587399082,-238983.55585457908,-247755.70241386327,-256584.61563602244,-2001362.198299038
json_sd,0.0,-115068.01745193652,-118110.73310348242,-121959.01007270507,-125222.3676034414,-128736.69844906933,-131792.50391554687,-135777.56236155762,-139163.54694959862,-142658.54041597949,-1158488.9803233172
json_personal_exemption,0.0,167013.35206798438,171999.7100872539,177677.70766709666,182954.94958234765,188735.86263960545,193975.48928791407,199843.74326828026,205138.1750198408,210674.5437135664,1698013.5333338897
json_qbid,0.0,-67821.40371337891,-70406.51148616601,-72853.34538713281,-75506.49212339257,-78216.71012990233,-81113.26967876172,-83954.48678769336,-86913.01035385742,-89945.15865912207,-706730.3883194072
json_excess_biz_loss,0.0,0.0,0.0,0.0,13500.484126091796,13934.023109603515,14393.161947232422,14911.804438558593,15446.188199135742,16051.047428955077,88236.70924957715
json_ctc,0.0,-90350.49509351855,-91933.9516511084,-93315.19904237792,-94378.72521831444,-96024.0914859834,-96927.04900362695,-98380.85473640039,-99553.10692333788,-100338.80322605175,-861202.2763807197
json_salt,0.0,73923.17217263086,78658.14594532519,83224.36363635352,88018.50843951953,93229.59205415039,98510.92247504198,103875.2478171748,109671.83609429296,115418.99559385156,844530.7842283408
json_amt,0.0,-44562.055683825194,-46531.7169468955,-48576.57069049414,-51048.967892543944,-53361.638121525386,-55893.72359813379,-58364.12297925293,-61037.49460463184,-63739.40782999414,-483115.69834729686
Total,0.0,-266253.12177707814,-273846.64400777634,-281305.0001739062,-275041.13732936716,-282392.99218576855,-289161.23122578906,-296829.7871954697,-304166.6619320195,-311121.9390307969,-2580118.5148579716
