,2025,2026,2027,2028,2029,2030,2031,2032,2033,2034,2025-2034
json_rates,-0.0,230133.88557213184,239423.32476970117,248648.95977940038,257970.78509173924,267810.0578676787,277915.17589756445,288279.5756723506,298801.16452855663,309543.5347488701,2418526.463927993
json_ctc,-0.0,87247.90307272656,88732.67525505078,89979.01988977246,91174.60343953906,92328.75650488086,93423.88871381347,94437.63671726172,95367.03847913866,96224.69742112304,828916.2194933066
json_amt,-0.0,125362.99956042577,131913.89862440331,138658.78642452246,145765.74713911524,153300.10393324902,161171.08118196778,169313.59466171483,177636.0843739082,186165.43996906638,1389287.735868373
json_sd,-0.0,125479.75650590283,129475.7988213291,133225.2157645869,137185.76960536034,141260.56548060448,145438.00137415234,149662.94077501463,154005.0962903076,158434.81947521778,1274167.964092476
json_salt,-0.0,-104673.5391591538,-111477.66672836425,-118336.6242541621,-124809.7118362168,-132257.50153375487,-140070.70502752342,-148266.5427323408,-156702.9813475459,-165437.27384483203,-1202032.546463894
json_personal_exemption,-0.0,-193426.68838070604,-200627.15929920995,-207470.1521016123,-214501.0795002744,-221732.84059824314,-229110.40900157322,-236581.77074839646,-244185.75299085447,-251887.84329113865,-1999523.6959120086
json_qbid,-0.0,66335.48171434668,68918.53287559179,71469.44162991211,74162.6869370791,76877.16466655077,79683.57379584179,82608.0718722207,85619.10627059765,88709.43511010546,694383.494872246
json_excess_biz_loss,-0.0,-0.0,-0.0,-0.0,-15982.401449813477,-16498.960280820313,-17051.285321648436,-17677.037867980467,-18305.51134149121,-18970.516103588867,-104485.71236534277
Total,-0.0,336459.7988856738,346359.40431850194,356174.6471324199,350966.3994265283,361087.3460401455,371399.3216125947,381776.4683498447,392234.2442626172,402782.2934848232,3299239.923513149
