,2025,2026,2027,2028,2029,2030,2031,2032,2033,2034,2025-2034
json_rates,0.0,-230133.88557213184,-239423.32476970117,-248648.95977940038,-257970.78509173924,-267810.0578676787,-277915.17589756445,-288279.5756723506,-298801.16452855663,-309543.5347488701,-2418526.463927993
json_sd,0.0,-116497.07105361132,-119971.59832460742,-123173.67164407519,-126524.18938336815,-129969.44335620996,-133498.357925834,-137076.59270581347,-140743.4508817617,-144489.84340500293,-1171944.2186802842
json_personal_exemption,0.0,163936.929255624,169316.42203002734,174300.09007483398,179375.3956044492,184561.22015299217,189811.37146900196,195105.2635782285,200500.37654708204,205967.65464606346,1662874.7233583026
json_qbid,0.0,-67900.94781846972,-70498.60534251269,-73063.02529214844,-75774.9267090957,-78494.11248954687,-81307.609856291,-84244.61403682617,-87273.78379593261,-90388.7200070459,-708946.3453478691
json_excess_biz_loss,0.0,0.0,0.0,0.0,15498.056510893553,15995.801783364257,16528.4382251709,17133.218464571288,17740.597560722654,18383.057651552732,101279.17019627539
json_ctc,0.0,-89768.77372558886,-91222.90665121387,-92425.72922823926,-93579.58226465917,-94692.49167097168,-95744.1154093623,-96718.76738379883,-97616.984678958,-98441.89806252539,-850211.2490753173
json_salt,0.0,70898.69219657617,75384.63254810547,79867.66769882519,84407.0646422373,89215.52455520995,94235.17884709082,99504.25295684864,104902.7772644502,110483.05266888574,808898.8433782294
json_amt,0.0,-66994.74216807226,-69944.02380859961,-73031.01896221582,-76397.4327352461,-79893.78714730468,-83509.05106480664,-87199.6535507041,-90942.61174966308,-94752.06222788086,-722664.3834144932
Total,0.0,-336459.7988856738,-346359.40431850194,-356174.6471324199,-350966.3994265283,-361087.3460401455,-371399.3216125947,-381776.4683498447,-392234.2442626172,-402782.2934848232,-3299239.9235131494
